 4.264150000000000      0.000000000000000
 4.020831730887626      1.000000000000000
 3.428758661629816      2.000000000000000
 1.002417097134612      3.000000000000000
0.8180608657539568      4.000000000000000
0.7590719411715817      5.000000000000000
0.8178626567392869      6.000000000000000
 1.001921678463392      7.000000000000000
 3.425514327042746      8.000000000000000
 4.017004952864035      9.000000000000000
 4.260086994270442      10.00000000000000
 4.043693841917316      11.00000000000000
 3.513974707875001      12.00000000000000
 2.618667478194277      13.00000000000000
 2.224525500578491      14.00000000000000
 2.067285247091934      15.00000000000000
 2.152340625005846      16.00000000000000
 2.439119097616606      17.00000000000000
 3.088038596473565      18.00000000000000
 3.470875502490317      19.00000000000000
 3.598677839517151      20.00000000000000
 3.362878338441020      21.00000000000000
 2.859097908098305      22.00000000000000
 2.030064869038099      23.00000000000000
 1.678372049890148      24.00000000000000
 1.528268305930468      25.00000000000000
 1.564119779139480      26.00000000000000
 1.745880543334585      27.00000000000000
 3.572313200561706      28.00000000000000
 3.975010886679281      29.00000000000000
 4.090214192107158      30.00000000000000
 3.791350941664616      31.00000000000000
 3.182976734102026      32.00000000000000
0.8057913385753860      33.00000000000000
0.6534662195694511      34.00000000000000
0.6076924157119041      35.00000000000000
0.6534661336986642      36.00000000000000
0.8057911273208985      37.00000000000000
 3.182975429648913      38.00000000000000
 3.791349412771643      39.00000000000000
 4.090212565960837      40.00000000000000
 3.975009332283057      41.00000000000000
 3.572311842044841      42.00000000000000
 1.745880201538127      43.00000000000000
 1.564119566814194      44.00000000000000
 1.528268178563643      45.00000000000000
 1.678371997199281      46.00000000000000
 2.030064924306836      47.00000000000000
 2.859098231224786      48.00000000000000
 3.362878830008384      49.00000000000000
 3.598678444582317      50.00000000000000
 3.470876159245194      51.00000000000000
 3.088039269777231      52.00000000000000
 2.439119778555943      53.00000000000000
 2.152341297275589      54.00000000000000
 2.067285944180715      55.00000000000000
 2.224526298379523      56.00000000000000
 2.618668471372707      57.00000000000000
 3.513976121892144      58.00000000000000
 4.043695494817513      59.00000000000000
 4.260088749542558      60.00000000000000
 4.017006617344401      61.00000000000000
 3.425515752254308      62.00000000000000
 1.001921942592589      63.00000000000000
0.8178627885909312      64.00000000000000
0.7590719854893733      65.00000000000000
0.8180608262665073      66.00000000000000
 1.002416933005860      67.00000000000000
 3.428757282320363      68.00000000000000
 4.020830087361651      69.00000000000000
 4.264148243061941      70.00000000000000
