 1.003110000000000      0.000000000000000
 1.073363162381084      1.000000000000000
 1.283405921042038      2.000000000000000
 3.675201986712175      3.000000000000000
 4.230484554811969      4.000000000000000
 4.428912772287184      5.000000000000000
 4.122048650403425      6.000000000000000
 3.447775646849840      7.000000000000000
0.8000149565657189      8.000000000000000
0.6270592416841466      9.000000000000000
0.5748321543189528      10.00000000000000
0.6230355220445605      11.00000000000000
0.7842625884891337      12.00000000000000
 1.270028706529445      13.00000000000000
 1.604978248336262      14.00000000000000
 1.807973149702704      15.00000000000000
 1.829825183820032      16.00000000000000
 1.744421709517099      17.00000000000000
 1.610353098492393      18.00000000000000
 1.558814727284205      19.00000000000000
 1.616163025665723      20.00000000000000
 1.864797919306998      21.00000000000000
 2.368456822151288      22.00000000000000
 3.508591449416350      23.00000000000000
 4.169501484785649      24.00000000000000
 4.477280456006459      25.00000000000000
 4.305360141509539      26.00000000000000
 3.795232652715147      27.00000000000000
 1.524664548880167      28.00000000000000
 1.308257154144193      29.00000000000000
 1.233818273306180      30.00000000000000
 1.307044241263842      31.00000000000000
 1.521659436851007      32.00000000000000
 3.776176001450998      33.00000000000000
 4.282959528462106      34.00000000000000
 4.488960963694499      35.00000000000000
 4.283311482138101      36.00000000000000
 3.776928410459592      37.00000000000000
 1.523645651831882      38.00000000000000
 1.309024793332947      39.00000000000000
 1.235860433441470      40.00000000000000
 1.310550857007964      41.00000000000000
 1.527426626031553      42.00000000000000
 3.800905122829283      43.00000000000000
 4.311495502955730      44.00000000000000
 4.483426405100491      45.00000000000000
 4.174991196758842      46.00000000000000
 3.512901696862367      47.00000000000000
 2.370771481967052      48.00000000000000
 1.866253688431092      49.00000000000000
 1.617108569112393      50.00000000000000
 1.559379274139828      51.00000000000000
 1.610459666694141      52.00000000000000
 1.743593546100848      53.00000000000000
 1.828500235136050      54.00000000000000
 1.806344338042581      55.00000000000000
 1.603248339599925      56.00000000000000
 1.268346138693968      57.00000000000000
0.7828813282912569      58.00000000000000
0.6219146859300677      59.00000000000000
0.5739022112117474      60.00000000000000
0.6262732504653237      61.00000000000000
0.7994588106336022      62.00000000000000
 3.451463473816566      63.00000000000000
 4.126864615731044      64.00000000000000
 4.434367383117855      65.00000000000000
 4.235947942469299      66.00000000000000
 3.680247674726806      67.00000000000000
 1.285735886551401      68.00000000000000
 1.075241852437998      69.00000000000000
 1.004737112529718      70.00000000000000
