 0.000000000000000      0.000000000000000
 0.000000000000000      1.000000000000000
 0.000000000000000      2.000000000000000
-.4438450334408539E-002      3.000000000000000
-.5858735954043661E-002      4.000000000000000
-.6769414746746313E-002      5.000000000000000
-.7284501446632821E-002      6.000000000000000
-.7681285971128157E-002      7.000000000000000
-.1459897513405989E-001      8.000000000000000
-.1641582232761034E-001      9.000000000000000
-.1831163305785879E-001      10.00000000000000
-.2122567164168871E-001      11.00000000000000
-.2569876064571394E-001      12.00000000000000
-.1765636304073110E-001      13.00000000000000
-.4896234931212579E-002      14.00000000000000
0.4963651616285813E-002      15.00000000000000
0.1455116393225031E-001      16.00000000000000
0.2660637529336801E-001      17.00000000000000
0.6614480517557160E-001      18.00000000000000
0.9483074225016688E-001      19.00000000000000
0.1195772704836527      20.00000000000000
0.1505977970801305      21.00000000000000
0.1956670818960872      22.00000000000000
0.2975640033605260      23.00000000000000
0.3574912400274181      24.00000000000000
0.3933582998043634      25.00000000000000
0.4076403103254014      26.00000000000000
0.4117044697479531      27.00000000000000
0.4326342013648014      28.00000000000000
0.4352674688815089      29.00000000000000
0.4487295814410066      30.00000000000000
0.4857357057345050      31.00000000000000
0.5498496605494612      32.00000000000000
0.9460700541750517      33.00000000000000
 1.008744974952546      34.00000000000000
 1.032929240575583      35.00000000000000
 1.008679814810361      36.00000000000000
0.9459215192232244      37.00000000000000
0.5491800582030616      38.00000000000000
0.4849827388018750      39.00000000000000
0.4478921747192416      40.00000000000000
0.4343016851877292      41.00000000000000
0.4314703195282538      42.00000000000000
0.4093025976470790      43.00000000000000
0.4050403846392832      44.00000000000000
0.3906787549482792      45.00000000000000
0.3548791127048792      46.00000000000000
0.2951343600474742      47.00000000000000
0.1936109032358013      48.00000000000000
0.1487439594754688      49.00000000000000
0.1178318048476227      50.00000000000000
0.9310206722705751E-001      51.00000000000000
0.6437932399917282E-001      52.00000000000000
0.2478486443994819E-001      53.00000000000000
0.1270872518969265E-001      54.00000000000000
0.3155812769718143E-002      55.00000000000000
-.6570270965341529E-002      56.00000000000000
-.1909458535925394E-001      57.00000000000000
-.2666893210770558E-001      58.00000000000000
-.2194936833493833E-001      59.00000000000000
-.1886306421237825E-001      60.00000000000000
-.1682555926879053E-001      61.00000000000000
-.1484186924851640E-001      62.00000000000000
-.6881420595152900E-002      63.00000000000000
-.6317800203825316E-002      64.00000000000000
-.5703876737239441E-002      65.00000000000000
-.4756629250769219E-002      66.00000000000000
-.3330611694322909E-002      67.00000000000000
0.1143575792865336E-002      68.00000000000000
0.1149279596088508E-002      69.00000000000000
0.1187631208112342E-002      70.00000000000000
